124750[2.000000]
499500[3.000000]
1999000[8.000000]
12497500[18.000000]
49995000[36.000000]
1249975000[163.000000]

 500		 1000		 2000		 5000		 10000		 50000		
2 124750[73.000000]	499500[29.000000]	1999000[27.000000]	12497500[67.000000]	49995000[45.000000]	1249975000[159.000000]	
4 249125[49.000000]	998438[31.000000]	3996076[40.000000]	24992496[54.000000]	99986370[64.000000]	-1795018183[181.000000]	
8 373500[130.000000]	1497376[111.000000]	5993152[115.000000]	37487492[139.000000]	149977740[116.000000]	-545044070[242.000000]	
16 497875[261.000000]	1996314[255.000000]	7990228[256.000000]	49982488[239.000000]	199969110[256.000000]	704930043[299.000000]	
32 622250[529.000000]	2495252[499.000000]	9987304[493.000000]	62477484[495.000000]	249960480[498.000000]	1954904156[542.000000]	
64 746625[1037.000000]	2994190[1613.000000]	11984380[1306.000000]	74972480[1022.000000]	299951850[1045.000000]	-1090089027[1046.000000]	
